1 4 2 3
136 337 336 338 341 337 332 338 331 339 348 358 369 357 370 384 369 353 336 354 335 355 376 398 375 399 424 398 371 343 372 402 371 403 370 336 371 335 298 260 299 259 218 176 133 89 44 90 137 89 138 88 37 89 36 -18 37 -19 38 96 155 215 276 338 275 339 274 208 275 207 138 208 137 65 -8 -82 -7 69 -8 -86 -7 -87 -6 -88 -171 -87 -172 -86 -173 -261 -350 -260 -351 -259 -352 -258 -353 -257 -160 -258 -159 -259 -360 -462 -359 -255 -360 -466 -573 -465 -574 -684 -573 -461 -348 -462 -577 -693 -576 -458 -339 -459 -580 -702 -825 -701 -826 -700 -573 -701 -572 -702 -571 -703 -836 -702 -567
10 866 -741 -560 -293 -672 687 -173 6 875 -602
58 79 728 473 -456 -715 -557 -717 237 995 590 -332 -746 8 151 2 -31 -80 821 -751 -341 707 -67 367 176 -865 54 216 244 760 195 588 -191 193 -864 521 -647 448 -609 -643 -149 274 -183 896 645 329 -160 357 909 -377 -947 -4 279 -27 715 908 -633 -132 -79
87 97 96 98 95 91 86 80 73 65 56 66 55 43 30 44 29 13 -4 14 -5 -25 -4 18 -5 -29 -4 -30 -3 25 -4 26 -5 -37 -70 -36 -1 35 72 110 149 189 230 272 229 273 228 182 135 87 136 86 35 87 34 88 33 -23 34 92 151 91 152 90 153 217 282 348 281 349 418 488 417 345 418 344 269 193 270 192 271 351 270 188 105 189 274 188
33 996 -435 626 -394 630 694 477 635 -200 350 324 -357 -857 -472 -891 125 780 -520 -823 -648 -640 -748 386 255 232 -583 367 294 -464 -978 -273 393 -826
120 127 478 319 970 -850 -690 -880 -499 84 -559 -180 908 -450 -769 -426 831 -900 -781 41 -800 -762 -41 -359 -436 541 425 382 26 -593 -202 773 960 -925 -188 -147 -500 12 -124 310 922 -276 572 83 952 546 66 -599 839 489 82 -294 -968 -251 134 -782 442 -262 590 -555 467 765 -422 -315 510 -422 -610 -258 -490 -453 -322 -290 -423 148 115 -866 -125 -495 -214 -403 224 425 161 -269 -439 792 439 5 -1 682 17 -74 -210 981 -527 427 -382 368 -789 586 438 859 990 390 249 -550 850 -603 -975 225 280 -109 745 -327 239 -233 808 315 805 555 39
79 388 309 -212 368 -223 759 540 560 340 -907 490 -577 -815 170 -170 453 212 41 33 -365 630 411 -785 -40 396 167 -16 -430 570 -266 -297 -923 200 -828 -388 -217 180 -600 -765 -126 -530 309 997 774 -833 933 -833 -448 75 -863 -789 216 -512 -639 862 209 -648 -140 -899 34 -698 574 354 -645 194 -307 406 904 -394 -287 -171 997 29 250 -520 -549 525 -629 845
129 278 279 281 284 280 275 281 274 266 275 265 254 266 253 239 254 238 255 237 256 236 215 237 214 190 165 191 218 190 219 189 220 188 155 189 154 118 155 193 232 192 151 193 150 194 239 285 332 284 235 185 134 82 135 81 26 -30 27 85 26 86 147 85 22 -42 -107 -173 -240 -308 -239 -309 -380 -452 -525 -599 -524 -600 -677 -755 -834 -754 -835 -753 -670 -754 -839 -753 -840 -752 -663 -753 -662 -570 -663 -757 -852 -948 -851 -949 -850 -950 -849 -747 -850 -746 -641 -535 -642 -750 -859 -969 -858 -746 -859 -973 -858 -742 -859 -741 -860 -740 -861 -739 -616 -740 -865 -991 -864 -736
9 8 9 7 10 6 12 17 24 38
17 -29 -28 -26 -23 -19 -14 -8 -1 -9 -18 -28 -17 -29 -16 -2 -17 -33
48 -451 -783 -296 32 986 702 -905 -105 550 -503 469 -250 217 -83 510 -77 -892 -979 598 346 -922 -173 -585 190 647 -473 764 -656 -649 296 -307 -236 163 -145 325 -311 935 669 -699 -55 -401 -191 294 -22 637 -274 490 78
115 -983 857 -103 -346 720 165 272 -447 764 30 474 872 985 125 -350 -243 280 540 355 -635 915 665 426 -414 921 -124 227 -914 880 -874 510 -223 -310 265 511 258 6 221 -965 351 116 -981 67 574 428 -358 -710 4 668 -271 -921 -735 457 -868 -27 714 -95 253 730 -450 12 747 169 -341 -673 -293 716 -988 -624 175 553 -723 -154 41 723 -818 267 334 350 800 -809 -124 -939 -691 920 111 -167 463 733 456 -263 -379 441 6 -208 -332 -273 824 655 -60 -189 456 -999 336 -713 392 -909 -115 501 262 -71 -15 649 396 965
10 466 465 463 460 456 451 457 464 472 463
3 492 275 937
136 257 258 256 259 255 250 256 263 271 262 272 283 271 258 272 257 273 290 272 291 311 290 312 289 313 288 314 341 369 340 370 401 433 466 500 535 499 536 498 459 419 378 336 293 249 294 248 201 249 298 248 197 145 198 252 307 251 194 136 77 137 198 136 73 9 -56 -122 -55 -123 -54 -124 -195 -123 -50 -124 -199 -123 -200 -278 -357 -277 -358 -440 -523 -439 -524 -438 -525 -437 -526 -436 -527 -435 -528 -434 -529 -433 -530 -628 -727 -827 -928 -826 -929 -825 -720 -826 -719 -827 -718 -608 -719 -831 -718 -832 -947 -831 -714 -596 -715 -595 -474 -596 -473 -597 -472 -598 -725 -853 -982 -852 -721 -589 -722 -588 -723
58 -200 -201 -203 -200 -204 -199 -205 -198 -190 -181 -171 -160 -148 -135 -149 -164 -180 -197 -215 -234 -254 -233 -211 -234 -258 -283 -257 -230 -202 -231 -201 -170 -202 -169 -135 -170 -206 -243 -205 -244 -284 -325 -367 -324 -368 -413 -459 -412 -460 -509 -559 -508 -456 -403 -349 -294 -350 -293
41 65 66 64 67 71 66 60 53 45 54 44 55 43 56 70 85 69 52 70 89 109 130 152 175 199 174 200 227 255 226 196 227 259 226 192 157 121 84 46 7 47
101 -111 -112 -114 -117 -121 -126 -132 -139 -147 -156 -166 -155 -167 -180 -166 -181 -197 -180 -162 -181 -161 -140 -118 -141 -165 -140 -114 -141 -113 -84 -114 -145 -113 -80 -46 -11 -47 -10 28 67 107 148 106 63 107 62 108 61 13 62 112 61 113 166 220 275 219 162 220 161 101 162 100 163 99 34 -32 35 103 172 242 313 241 168 242 317 241 318 396 475 395 314 396 479 395 310 224 311 399 310 220 129 221 314 408 313 409 506 604 505 605
112 74 504 262 58 -126 -187 -919 195 190 289 563 -794 -117 726 -574 184 211 -347 898 862 327 -813 -330 -288 -354 927 358 341 -838 575 651 -30 534 -675 -384 801 887 -260 297 27 -48 -428 -722 750 281 -592 -234 -901 -847 706 -20 -336 -114 242 -521 615 661 -930 248 -591 -453 884 280 -287 -510 -347 681 -142 -626 395 -416 -440 142 -554 -680 -776 -347 954 34 314 9 -735 -239 -212 943 -925 731 720 -195 625 265 -910 997 395 -675 -678 978 848 -986 -858 446 -778 299 171 -57 809 607 -869 -90 -355 855 -228
3 7 7 8
131 486 485 483 480 476 471 465 472 480 471 481 470 458 471 485 500 484 467 485 466 446 425 403 426 450 425 399 426 398 369 339 370 338 371 337 302 266 303 341 302 342 301 259 216 260 215 261 214 166 117 167 218 270 323 269 214 158 101 43 -16 44 -17 45 108 172 237 171 238 170 239 169 98 26 -47 27 102 26 103 181 260 340 259 341 258 342 427 513 600 688 777 867 776 868 961 867 772 676 579 481 382 482 583 481 584 480 585 691 798 906 797 907 796 908 795 909 794 910 793 675 556 436 557 435 312 188 313 439 566 438 309 179
74 5 4 6 3 -1 -6 0 7 15 6 -4 7 -5 8 22 37 21 38 20 1 -19 2 24 1 25 0 -26 1 29 0 -30 -61 -29 4 38 73 109 146 108 69 109 68 110 67 23 -22 24 -23 25 74 124 175 123 176 230 285 341 398 340 399 459 520 458 521 585 650 584 517 585 516 446 517 445 372
51 464 465 467 464 460 465 471 464 472 463 473 484 496 483 497 512 528 545 527 508 528 549 527 550 574 549 523 550 522 493 523 554 586 553 587 622 586 549 511 472 512 553 511 554 598 553 599 552 504 455 405
61 -146 -759 292 -19 -826 311 589 167 576 635 -897 466 -378 549 764 -954 140 -860 -280 -170 -318 -351 810 549 -210 421 926 -127 -210 907 -658 -503 -399 55 274 -567 368 957 -308 403 -775 310 461 508 333 -38 -919 5 -438 -736 -923 -851 84 -584 -526 -289 926 858 273 -639 732
58 -278 610 -298 -257 -650 -996 426 937 -705 912 145 -622 568 738 -800 -857 730 -224 -164 138 -544 999 404 927 158 565 296 -183 728 -530 634 -746 -652 -874 512 -992 -323 -855 747 198 -655 823 147 -335 306 -498 702 -949 178 -935 12 -407 -338 908 863 131 -104 315
13 119 118 116 113 117 122 116 123 115 106 96 85 97
53 -326 -325 -327 -330 -326 -321 -315 -322 -330 -339 -329 -318 -306 -319 -305 -290 -306 -289 -307 -326 -306 -327 -305 -282 -306 -331 -357 -384 -356 -327 -297 -266 -234 -201 -167 -202 -238 -275 -313 -352 -392 -433 -475 -518 -562 -517 -471 -424 -376 -425 -375 -426 -374
26 -156 -155 -157 -154 -158 -163 -169 -176 -184 -175 -165 -154 -166 -179 -165 -180 -164 -147 -129 -110 -90 -111 -133 -110 -86 -111
28 -424 -480 -203 -778 -244 -415 434 794 -186 -773 -554 635 -102 -299 -681 978 -263 -93 -294 -247 -661 597 -694 985 -50 722 218 -108
141 -251 -250 -248 -245 -241 -246 -240 -247 -255 -264 -254 -243 -255 -268 -254 -269 -285 -302 -320 -339 -319 -340 -362 -385 -409 -434 -460 -487 -515 -486 -516 -485 -517 -550 -584 -619 -583 -546 -584 -545 -505 -546 -588 -631 -675 -720 -674 -627 -579 -530 -480 -531 -583 -636 -582 -527 -583 -640 -698 -639 -579 -518 -456 -519 -583 -518 -452 -385 -453 -522 -452 -523 -595 -668 -594 -669 -745 -668 -746 -825 -905 -986 -904 -987 -903 -988 -902 -989 -901 -812 -722 -631 -539 -632 -726 -631 -535 -632 -534 -435 -335 -234 -132 -235 -131 -26 -132 -239 -131 -240 -130 -241 -129 -242 -356 -471 -587 -470 -588 -469 -349 -228 -350 -473 -597 -472 -598 -725 -597 -468 -598 -729 -597 -730 -596 -731 -867 -730 -592 -453 -313
124 -248 -249 -247 -244 -248 -243 -237 -244 -236 -245 -255 -244 -232 -245 -259 -244 -260 -243 -225 -244 -264 -243 -221 -244 -268 -293 -319 -292 -320 -349 -319 -288 -256 -223 -257 -222 -186 -223 -185 -224 -184 -225 -183 -140 -96 -51 -5 -52 -4 -53 -3 48 100 47 101 156 100 157 215 274 334 273 335 272 208 143 209 142 74 143 73 144 216 289 215 140 216 293 371 450 370 451 533 616 532 447 361 448 360 449 359 268 176 269 175 270 174 271 173 74 174 275 173 70 174 279 173 280 388 497 607 718 606 493 607 722 606 723 605 724 604 725 603 480
137 -45 -44 -46 -43 -47 -42 -48 -55 -63 -54 -64 -53 -65 -78 -64 -49 -65 -48 -66 -47 -67 -88 -66 -89 -65 -90 -116 -143 -171 -200 -170 -201 -233 -200 -166 -201 -237 -274 -236 -275 -315 -274 -316 -273 -229 -274 -320 -273 -225 -274 -324 -273 -325 -272 -326 -381 -325 -382 -440 -381 -441 -502 -564 -627 -563 -628 -694 -761 -693 -762 -832 -761 -689 -762 -836 -761 -837 -914 -836 -757 -837 -756 -674 -757 -673 -758 -672 -759 -671 -760 -670 -761 -669 -576 -670 -765 -669 -572 -474 -573 -473 -574 -676 -573 -677 -782 -676 -569 -461 -570 -680 -569 -457 -344 -230 -345 -461 -578 -460 -579 -699 -578 -456 -333 -457 -332 -458 -331 -203 -332 -202 -71 61 -72 -206 -71 65
73 176 326 184 794 -832 587 70 192 810 874 861 865 287 392 631 270 -403 237 -217 -999 30 -44 -667 895 401 760 -81 -576 50 -407 -516 -474 -24 -611 -129 395 -216 -232 700 -23 648 263 -587 829 619 903 -993 -77 -941 -88 931 139 84 1000 -821 -795 581 885 433 -1000 237 365 657 418 975 292 -464 -633 221 582 -1 557 966
7 -433 -432 -434 -437 -433 -438 -432
122 332 -811 -918 -528 60 -157 -112 464 542 -988 419 59 287 280 -614 147 -527 -750 -304 -369 781 -271 -853 -90 523 -446 431 -787 -372 -647 777 840 -765 306 -824 -300 -19 -502 -561 -441 944 853 -186 -509 -85 -282 954 968 -606 849 468 390 -622 -891 -586 -414 836 -632 -113 -971 289 165 321 -788 -813 -144 68 -487 616 443 -368 -706 671 790 700 -349 371 16 -147 331 -648 338 92 585 116 -231 -419 236 -138 157 480 -535 868 -721 633 292 -631 -386 -765 -591 586 -297 965 -279 -585 -680 874 -317 476 -21 410 -619 3 676 -293 904 -606 -672 244 -190 676 -319
9 8 9 7 10 6 13 17 24 32
9 -854 319 -592 276 -746 -561 205 -503 -850
95 -107 771 -809 683 -648 -478 450 -589 598 137 868 156 865 -808 -153 -285 387 -159 -578 -616 106 -232 163 663 867 760 432 346 97 -55 -784 -641 -14 520 -917 590 839 873 417 -537 -467 -422 545 326 474 424 -285 760 -310 778 -150 -935 -864 524 -277 742 -442 -714 -961 -536 950 73 -563 -306 690 384 786 27 720 -893 391 -140 233 319 -103 944 -186 -747 282 94 -343 577 795 428 -379 140 157 -58 -9 889 -554 -574 430 -586 288
4 -350 -351 -353 -356
66 315 -844 126 -878 -32 707 805 -464 266 626 -95 173 -56 -323 -130 92 -239 -671 -430 754 -941 868 177 -818 -411 487 -420 750 -503 -957 -951 809 -866 491 562 -551 532 -982 -508 -140 -657 91 607 -936 935 440 -718 -434 100 -831 532 -592 266 -450 59 462 -65 -928 -543 259 -341 -67 307 -892 497 636
7 -249 -250 -248 -251 -247 -252 -246